48
EPI_ISL_402125 0.0000000 0.0000010 2.9658342 0.7879261 0.5827506 3.2688248 4.3092886 1.3989925 1.3871847 1.3871847 1.4109598 2.3471948 2.3471948 2.3453933 2.4941891 3.0194286 3.5677345 2.5188193 2.3286454 3.4970375 3.4646428 2.3453933 2.9009836 3.4970375 2.6014461 2.8509079 2.7803497 3.4970375 2.2003524 2.2003524 2.1146944 3.4156947 3.4156947 2.9001988 3.3693776 3.4056577 2.5039355 4.1953509 3.3461748 3.5096500 3.3471759 3.3471759 3.3122899 3.0256220 2.5203306 2.7285533 2.8730186 3.2317175 
EPI_ISL_402132 0.0000010 0.0000000 2.9658342 0.7879261 0.5827506 3.2688248 4.3092886 1.3989925 1.3871847 1.3871847 1.4109598 2.3471948 2.3471948 2.3453933 2.4941891 3.0194286 3.5677345 2.5188193 2.3286454 3.4970375 3.4646428 2.3453933 2.9009836 3.4970375 2.6014461 2.8509079 2.7803497 3.4970375 2.2003524 2.2003524 2.1146944 3.4156947 3.4156947 2.9001988 3.3693776 3.4056577 2.5039355 4.1953509 3.3461748 3.5096500 3.3471759 3.3471759 3.3122899 3.0256220 2.5203306 2.7285533 2.8730186 3.2317175 
EPI_ISL_412977 2.9658342 2.9658342 0.0000000 3.2967988 3.4556808 1.8905629 1.7596275 2.0950870 2.0738411 2.0738411 2.0738411 2.3466125 2.3466125 3.0488202 2.7653940 1.4609009 1.8164033 2.7653940 2.2080304 1.5808313 1.6278414 3.0488202 1.7415559 1.5808313 1.9180481 1.1218935 1.6951437 1.6488891 2.6840856 2.6840856 2.7864681 1.5311665 1.5311665 2.4257655 1.6695142 2.0400652 2.6507690 2.2393620 1.2509390 1.1911431 1.2476719 1.2476719 1.2971951 1.8692508 1.8320309 1.6743965 2.3019788 2.4456232 
MN996532       0.7879261 0.7879261 3.2967988 0.0000000 1.1698296 2.7272950 3.0009049 1.5927587 1.5791726 1.5791726 1.6065360 2.9277440 2.9277440 2.1337648 2.2196758 3.0295324 3.5493219 2.1594538 3.0093255 3.2847048 3.2529206 2.1337648 2.9067688 3.2847048 2.6596696 2.5621792 2.9772392 3.2847048 2.0767161 2.0767161 2.1356571 3.5083322 3.5083322 3.3300908 2.9546623 4.3220284 2.7252877 3.5710120 3.0087348 3.1578768 3.1596504 3.1596504 3.0454993 2.7055846 2.3117088 2.4920753 3.1160618 4.1893581 
MT121216       0.5827506 0.5827506 3.4556808 1.1698296 0.0000000 2.2539347 2.7521308 1.5240177 1.5104980 1.5104980 1.5377254 2.9295953 2.9295953 2.3813639 2.3814570 2.8086885 2.5663806 2.4076549 2.9056895 2.8898051 2.8589697 2.3813639 3.3185803 2.8898051 2.1912706 3.0328567 3.4252689 2.8898051 2.2651116 2.2651116 2.1393479 2.6207283 2.6207283 2.6821922 2.4643844 2.4832311 2.2003949 3.3774674 2.7062799 3.1298050 2.8431798 2.8431798 2.6470203 2.6361312 2.9694585 2.5572926 2.6643308 3.7126208 
MG772933       3.2688248 3.2688248 1.8905629 2.7272950 2.2539347 0.0000000 0.1833633 2.0861411 2.0646388 2.0646388 2.0646388 2.4565560 2.4565560 2.1343862 2.1279683 1.1480467 1.2228945 2.1279683 2.4099709 1.0997482 1.1344538 2.1343862 1.4475959 1.0997482 1.2018037 1.2463979 1.4386505 1.1521518 2.0951344 2.0951344 2.1759744 1.0457717 1.0457717 1.4899341 1.3040948 1.9307986 1.8167475 1.3452871 1.1230762 1.1573284 1.1349432 1.1349432 1.0818026 1.2054369 1.2936818 1.1847387 1.4184637 3.1756999 
MG772934       4.3092886 4.3092886 1.7596275 3.0009049 2.7521308 0.1833633 0.0000000 2.2156942 2.1933024 2.1933024 2.1933024 2.6385195 2.6385195 2.1853653 2.0014343 1.3489854 1.3125076 2.0014343 2.5859693 1.2369847 1.2755548 2.1853653 1.5377334 1.2369847 1.1353107 1.1583540 1.5950740 1.2944119 2.0786618 2.0786618 2.1583522 0.9287023 0.9287023 1.5704328 1.2407271 1.9746271 1.7309598 1.4235271 1.0180016 1.0454467 1.0303212 1.0303212 1.0370384 1.1530313 1.4168175 1.3253915 1.4271070 2.7375316 
MT072864       1.3989925 1.3989925 2.0950870 1.5927587 1.5240177 2.0861411 2.2156942 0.0000000 0.0000010 0.0000010 0.0000010 2.7726024 2.7726024 2.5143642 2.9557693 2.4831783 2.4255167 2.8760946 2.7581317 2.5068169 2.4792032 2.5143642 2.3116888 2.4073450 2.0871313 1.9007738 2.2970761 2.4792032 2.8156380 2.8156380 2.6613038 2.0493980 2.0493980 2.5205596 2.0894555 2.3698122 2.6416213 2.1775968 2.2256602 2.5324771 2.3589343 2.3589343 2.3580150 2.7179488 3.9449836 2.1556200 2.2674856 3.6182522 
MT040336       1.3871847 1.3871847 2.0738411 1.5791726 1.5104980 2.0646388 2.1933024 0.0000010 0.0000000 0.0000010 0.0000010 2.7441951 2.7441951 2.4871935 2.9222546 2.4561304 2.3995944 2.8436179 2.7299237 2.4789979 2.4516151 2.4871935 2.2872506 2.3806501 2.0669062 1.8821183 2.2728351 2.4789979 2.7849206 2.7849206 2.6330503 2.0290819 2.0290819 2.4935755 2.0687503 2.3451072 2.6141675 2.1547414 2.2029208 2.5048768 2.3347438 2.3347438 2.3324212 2.6870746 3.8937035 2.1330449 2.2434126 3.5765627 
MT040335       1.3871847 1.3871847 2.0738411 1.5791726 1.5104980 2.0646388 2.1933024 0.0000010 0.0000010 0.0000000 0.0000010 2.7441951 2.7441951 2.4871935 2.9222546 2.4561304 2.3995944 2.8436179 2.7299237 2.4789979 2.4516151 2.4871935 2.2872506 2.3806501 2.0669062 1.8821183 2.2728351 2.4789979 2.7849206 2.7849206 2.6330503 2.0290819 2.0290819 2.4935755 2.0687503 2.3451072 2.6141675 2.1547414 2.2029208 2.5048768 2.3347438 2.3347438 2.3324212 2.6870746 3.8937035 2.1330449 2.2434126 3.5765627 
MT040334       1.4109598 1.4109598 2.0738411 1.6065360 1.5377254 2.0646388 2.1933024 0.0000010 0.0000010 0.0000010 0.0000000 2.8014924 2.8014924 2.5420330 2.9899426 2.4561304 2.3995944 2.9092119 2.7868201 2.4789979 2.4516151 2.5420330 2.2872506 2.3806501 2.0669062 1.8821183 2.2728351 2.4789979 2.8469321 2.8469321 2.6900692 2.0290819 2.0290819 2.4935755 2.0687503 2.3451072 2.6695524 2.1547414 2.2029208 2.5048768 2.3347438 2.3347438 2.3324212 2.6870746 3.8937035 2.1330449 2.2434126 3.5765627 
KC881005       2.3471948 2.3471948 2.3466125 2.9277440 2.9295953 2.4565560 2.6385195 2.7726024 2.7441951 2.7441951 2.8014924 0.0000000 0.0000010 0.7389629 0.8360691 1.4628473 1.4781859 0.8485656 0.0255107 1.3338194 1.3130354 0.7389629 2.0022696 1.3338194 2.0399545 2.3576335 2.2860747 1.3338194 0.8801697 0.8801697 0.9013189 2.6207312 2.6207312 1.6293490 2.6083607 1.9620905 0.9797317 1.5067779 2.4471665 2.3407607 2.4855207 2.4855207 2.4493606 2.8414562 1.7350024 1.8245534 1.9392861 2.7580102 
KY417144       2.3471948 2.3471948 2.3466125 2.9277440 2.9295953 2.4565560 2.6385195 2.7726024 2.7441951 2.7441951 2.8014924 0.0000010 0.0000000 0.7389629 0.8360691 1.4628473 1.4781859 0.8485656 0.0255107 1.3338194 1.3130354 0.7389629 2.0022696 1.3338194 2.0399545 2.3576335 2.2860747 1.3338194 0.8801697 0.8801697 0.9013189 2.6207312 2.6207312 1.6293490 2.6083607 1.9620905 0.9797317 1.5067779 2.4471665 2.3407607 2.4855207 2.4855207 2.4493606 2.8414562 1.7350024 1.8245534 1.9392861 2.7580102 
KC881006       2.3453933 2.3453933 3.0488202 2.1337648 2.3813639 2.1343862 2.1853653 2.5143642 2.4871935 2.4871935 2.5420330 0.7389629 0.7389629 0.0000000 0.1365309 1.9853488 1.9434096 0.1447415 0.7770453 1.8197513 1.7959170 0.0000010 1.7550520 1.8197513 2.0779435 2.0994279 1.8936660 1.8197513 0.1925644 0.1925644 0.1945005 2.4010680 2.4010680 1.8473184 2.3484151 2.4869200 0.2920565 1.2902415 2.3457684 2.4174208 2.4772547 2.4772547 2.2680918 2.7346331 1.8410111 1.9627067 1.7385642 2.9990256 
MK211376       2.4941891 2.4941891 2.7653940 2.2196758 2.3814570 2.1279683 2.0014343 2.9557693 2.9222546 2.9222546 2.9899426 0.8360691 0.8360691 0.1365309 0.0000000 1.8316779 1.7183961 0.0063182 0.7804167 1.6793703 1.6567432 0.1365309 1.8503646 1.6793703 1.9396467 1.8667331 1.9113336 1.6793703 0.2071882 0.2071882 0.2299041 1.9708049 1.9708049 1.7670407 2.0551156 2.2665390 0.3065257 1.2920619 1.9652983 2.0152589 2.0854001 2.0854001 1.8933870 2.6414406 1.9974101 1.8748910 1.7560410 2.5794014 
MK211378       3.0194286 3.0194286 1.4609009 3.0295324 2.8086885 1.1480467 1.3489854 2.4831783 2.4561304 2.4561304 2.4561304 1.4628473 1.4628473 1.9853488 1.8316779 0.0000000 0.2793297 1.8316779 1.3707156 0.1153680 0.1066326 1.9853488 0.5981562 0.1153680 1.2304490 1.1119821 0.6451997 0.1153680 1.9830675 1.9830675 2.0576124 1.3632268 1.3632268 0.7892202 0.6288216 0.9990664 1.9373224 0.9679769 1.5251546 1.5786424 1.5392645 1.5392645 1.5470738 0.6619735 0.6908216 0.7381076 0.8659297 2.2457423 
KY417142       3.5677345 3.5677345 1.8164033 3.5493219 2.5663806 1.2228945 1.3125076 2.4255167 2.3995944 2.3995944 2.3995944 1.4781859 1.4781859 1.9434096 1.7183961 0.2793297 0.0000000 1.7183961 1.4182098 0.1641985 0.1549182 1.9434096 0.9422304 0.1641985 1.0334683 1.2595745 1.0055646 0.1641985 1.7100435 1.7100435 1.7764581 1.2815393 1.2815393 0.7112588 0.6768613 1.1173028 1.8446974 0.8711002 1.5899770 1.6473088 1.6045285 1.6045285 1.6837456 0.7252544 0.8244950 0.8990089 0.7446170 2.4914992 
KY417151       2.5188193 2.5188193 2.7653940 2.1594538 2.4076549 2.1279683 2.0014343 2.8760946 2.8436179 2.8436179 2.9092119 0.8485656 0.8485656 0.1447415 0.0063182 1.8316779 1.7183961 0.0000000 0.7927563 1.6793703 1.6567432 0.1447415 1.8503646 1.6793703 1.9396467 1.8667331 1.9113336 1.6793703 0.2161940 0.2161940 0.2392106 1.9708049 1.9708049 1.7670407 2.0551156 2.2665390 0.3168521 1.2920619 1.9652983 2.0152589 2.0854001 2.0854001 1.8933870 2.6414406 1.9974101 1.8748910 1.7560410 2.5967820 
KY417146       2.3286454 2.3286454 2.2080304 3.0093255 2.9056895 2.4099709 2.5859693 2.7581317 2.7299237 2.7299237 2.7868201 0.0255107 0.0255107 0.7770453 0.7804167 1.3707156 1.4182098 0.7927563 0.0000000 1.2525014 1.2321439 0.7770453 1.8828687 1.2525014 1.9508542 2.1423754 2.1541596 1.2525014 0.8233402 0.8233402 0.8429021 2.4333423 2.4333423 1.5357962 2.4560689 1.8212550 0.9153372 1.4857908 2.2704652 2.1702387 2.3067929 2.3067929 2.2669386 2.7820489 1.7849643 1.7198180 1.7550585 2.6135046 
KY417149       3.4970375 3.4970375 1.5808313 3.2847048 2.8898051 1.0997482 1.2369847 2.5068169 2.4789979 2.4789979 2.4789979 1.3338194 1.3338194 1.8197513 1.6793703 0.1153680 0.1641985 1.6793703 1.2525014 0.0000000 0.0072854 1.8197513 0.9004075 0.0146420 1.0514004 1.0307079 0.9613596 0.0146420 1.7451768 1.7451768 1.8124347 1.4076783 1.4076783 0.7398532 0.6093306 1.1307098 1.6951814 0.7852469 1.6393413 1.7000889 1.6543359 1.6543359 1.6660355 0.7184259 0.7555883 0.8110766 0.8202541 2.1574893 
KY417143       3.4646428 3.4646428 1.6278414 3.2529206 2.8589697 1.1344538 1.2755548 2.4792032 2.4516151 2.4516151 2.4516151 1.3130354 1.3130354 1.7959170 1.6567432 0.1066326 0.1549182 1.6567432 1.2321439 0.0072854 0.0000000 1.7959170 0.8840759 0.0072854 1.0339231 1.0130465 0.9447057 0.0072854 1.7228084 1.7228084 1.7896721 1.4505148 1.4505148 0.7238160 0.5951423 1.1131302 1.6715387 0.7688717 1.6877841 1.7506167 1.7029004 1.7029004 1.7161219 0.7026719 0.7408707 0.7956087 0.8036271 2.1342257 
KY417150       2.3453933 2.3453933 3.0488202 2.1337648 2.3813639 2.1343862 2.1853653 2.5143642 2.4871935 2.4871935 2.5420330 0.7389629 0.7389629 0.0000010 0.1365309 1.9853488 1.9434096 0.1447415 0.7770453 1.8197513 1.7959170 0.0000000 1.7550520 1.8197513 2.0779435 2.0994279 1.8936660 1.8197513 0.1925644 0.1925644 0.1945005 2.4010680 2.4010680 1.8473184 2.3484151 2.4869200 0.2920565 1.2902415 2.3457684 2.4174208 2.4772547 2.4772547 2.2680918 2.7346331 1.8410111 1.9627067 1.7385642 2.9990256 
KY417148       2.9009836 2.9009836 1.7415559 2.9067688 3.3185803 1.4475959 1.5377334 2.3116888 2.2872506 2.2872506 2.2872506 2.0022696 2.0022696 1.7550520 1.8503646 0.5981562 0.9422304 1.8503646 1.8828687 0.9004075 0.8840759 1.7550520 0.0000000 0.9004075 1.3482474 0.9958630 0.0593907 0.9004075 2.1366592 2.1366592 2.2192432 1.2157028 1.2157028 0.4094884 0.8259427 1.3685876 2.0255123 0.5903671 1.4883180 1.4193591 1.5677626 1.5677626 1.5145369 0.8955608 0.8140806 0.6836241 0.3890747 1.9504241 
KY417147       3.4970375 3.4970375 1.5808313 3.2847048 2.8898051 1.0997482 1.2369847 2.4073450 2.3806501 2.3806501 2.3806501 1.3338194 1.3338194 1.8197513 1.6793703 0.1153680 0.1641985 1.6793703 1.2525014 0.0146420 0.0072854 1.8197513 0.9004075 0.0000000 1.0514004 1.0307079 0.9613596 0.0146420 1.7451768 1.7451768 1.8124347 1.4705089 1.4705089 0.7398532 0.6093306 1.1307098 1.6951814 0.7852469 1.7091988 1.7726594 1.7243006 1.7243006 1.7381329 0.7184259 0.7555883 0.8110766 0.8202541 2.0768779 
KJ473816       2.6014461 2.6014461 1.9180481 2.6596696 2.1912706 1.2018037 1.1353107 2.0871313 2.0669062 2.0669062 2.0669062 2.0399545 2.0399545 2.0779435 1.9396467 1.2304490 1.0334683 1.9396467 1.9508542 1.0514004 1.0339231 2.0779435 1.3482474 1.0514004 0.0000000 1.0772760 1.4954481 1.0514004 2.0136573 2.0136573 2.0921520 1.3853344 1.3853344 1.1220390 1.2492338 1.8194468 1.9475288 1.5966757 1.2136759 1.2854017 1.2567763 1.2567763 1.3810195 1.5832359 2.0632836 1.3923853 1.1974865 2.2022406 
KY417145       2.8509079 2.8509079 1.1218935 2.5621792 3.0328567 1.2463979 1.1583540 1.9007738 1.8821183 1.8821183 1.8821183 2.3576335 2.3576335 2.0994279 1.8667331 1.1119821 1.2595745 1.8667331 2.1423754 1.0307079 1.0130465 2.0994279 0.9958630 1.0307079 1.0772760 0.0000000 1.0578225 1.0307079 2.1072643 2.1072643 2.1808588 1.3527199 1.3527199 1.3713906 1.0515761 1.4617928 1.8045788 1.2120884 1.1696472 1.1986287 1.2468144 1.2468144 1.3870621 1.3018046 1.3308401 1.0743926 1.1471043 2.2106761 
MK211375       2.7803497 2.7803497 1.6951437 2.9772392 3.4252689 1.4386505 1.5950740 2.2970761 2.2728351 2.2728351 2.2728351 2.2860747 2.2860747 1.8936660 1.9113336 0.6451997 1.0055646 1.9113336 2.1541596 0.9613596 0.9447057 1.8936660 0.0593907 0.9613596 1.4954481 1.0578225 0.0000000 0.9613596 2.2896963 2.2896963 2.3763105 1.1215271 1.1215271 0.5087633 0.7945792 1.4460627 2.0881443 0.6336579 1.5056051 1.4357489 1.5608655 1.5608655 1.5320562 0.9090848 0.9104720 0.7740701 0.4554067 1.9905198 
FJ588686       3.4970375 3.4970375 1.6488891 3.2847048 2.8898051 1.1521518 1.2944119 2.4792032 2.4789979 2.4789979 2.4789979 1.3338194 1.3338194 1.8197513 1.6793703 0.1153680 0.1641985 1.6793703 1.2525014 0.0146420 0.0072854 1.8197513 0.9004075 0.0146420 1.0514004 1.0307079 0.9613596 0.0000000 1.7451768 1.7451768 1.8124347 1.4705089 1.4705089 0.7398532 0.6093306 1.1307098 1.6951814 0.7852469 1.7091988 1.7726594 1.7243006 1.7243006 1.7381329 0.7184259 0.7555883 0.8110766 0.8202541 2.1574893 
AY502924       2.2003524 2.2003524 2.6840856 2.0767161 2.2651116 2.0951344 2.0786618 2.8156380 2.7849206 2.7849206 2.8469321 0.8801697 0.8801697 0.1925644 0.2071882 1.9830675 1.7100435 0.2161940 0.8233402 1.7451768 1.7228084 0.1925644 2.1366592 1.7451768 2.0136573 2.1072643 2.2896963 1.7451768 0.0000000 0.0000010 0.0128696 2.1503523 2.1503523 1.8400563 2.0843139 2.0201584 0.3347657 1.2544589 2.2217484 2.2879818 2.3482654 2.3482654 2.1468273 2.4338527 1.9343160 1.6458524 1.8254093 2.8513416 
AY864806       2.2003524 2.2003524 2.6840856 2.0767161 2.2651116 2.0951344 2.0786618 2.8156380 2.7849206 2.7849206 2.8469321 0.8801697 0.8801697 0.1925644 0.2071882 1.9830675 1.7100435 0.2161940 0.8233402 1.7451768 1.7228084 0.1925644 2.1366592 1.7451768 2.0136573 2.1072643 2.2896963 1.7451768 0.0000010 0.0000000 0.0128696 2.1503523 2.1503523 1.8400563 2.0843139 2.0201584 0.3347657 1.2544589 2.2217484 2.2879818 2.3482654 2.3482654 2.1468273 2.4338527 1.9343160 1.6458524 1.8254093 2.8513416 
AY572035       2.1146944 2.1146944 2.7864681 2.1356571 2.1393479 2.1759744 2.1583522 2.6613038 2.6330503 2.6330503 2.6900692 0.9013189 0.9013189 0.1945005 0.2299041 2.0576124 1.7764581 0.2392106 0.8429021 1.8124347 1.7896721 0.1945005 2.2192432 1.8124347 2.0921520 2.1808588 2.3763105 1.8124347 0.0128696 0.0128696 0.0000000 2.2342978 2.2342978 1.7564031 2.1657413 2.0974275 0.3653823 1.1957498 2.3080080 2.3782260 2.4384120 2.4384120 2.2309357 2.5277040 2.0052595 1.7094131 1.7413972 3.0200301 
KP886808       3.4156947 3.4156947 1.5311665 3.5083322 2.6207283 1.0457717 0.9287023 2.0493980 2.0290819 2.0290819 2.0290819 2.6207312 2.6207312 2.4010680 1.9708049 1.3632268 1.2815393 1.9708049 2.4333423 1.4076783 1.4505148 2.4010680 1.2157028 1.4705089 1.3853344 1.3527199 1.1215271 1.4705089 2.1503523 2.1503523 2.2342978 0.0000000 0.0000010 1.2992982 1.8416317 1.3391596 2.0591403 1.3912714 0.2914550 0.3547935 0.3302948 0.3302948 0.3314117 1.0942314 1.6210174 1.1862407 1.0850279 2.8484461 
KP886809       3.4156947 3.4156947 1.5311665 3.5083322 2.6207283 1.0457717 0.9287023 2.0493980 2.0290819 2.0290819 2.0290819 2.6207312 2.6207312 2.4010680 1.9708049 1.3632268 1.2815393 1.9708049 2.4333423 1.4076783 1.4505148 2.4010680 1.2157028 1.4705089 1.3853344 1.3527199 1.1215271 1.4705089 2.1503523 2.1503523 2.2342978 0.0000010 0.0000000 1.2992982 1.8416317 1.3391596 2.0591403 1.3912714 0.2914550 0.3547935 0.3302948 0.3302948 0.3314117 1.0942314 1.6210174 1.1862407 1.0850279 2.8484461 
KJ473815       2.9001988 2.9001988 2.4257655 3.3300908 2.6821922 1.4899341 1.5704328 2.5205596 2.4935755 2.4935755 2.4935755 1.6293490 1.6293490 1.8473184 1.7670407 0.7892202 0.7112588 1.7670407 1.5357962 0.7398532 0.7238160 1.8473184 0.4094884 0.7398532 1.1220390 1.3713906 0.5087633 0.7398532 1.8400563 1.8400563 1.7564031 1.2992982 1.2992982 0.0000000 0.9503803 1.5346671 2.1169823 0.6154860 1.6604863 1.5807661 1.7506481 1.7506481 1.7265062 1.0528071 0.9291543 0.6179707 0.1119953 2.0390406 
DQ071615       3.3693776 3.3693776 1.6695142 2.9546623 2.4643844 1.3040948 1.2407271 2.0894555 2.0687503 2.0687503 2.0687503 2.6083607 2.6083607 2.3484151 2.0551156 0.6288216 0.6768613 2.0551156 2.4560689 0.6093306 0.5951423 2.3484151 0.8259427 0.6093306 1.2492338 1.0515761 0.7945792 0.6093306 2.0843139 2.0843139 2.1657413 1.8416317 1.8416317 0.9503803 0.0000000 1.3021000 1.7972972 0.6954544 2.2126619 2.2993103 2.3130237 2.3130237 2.3392983 0.8600361 0.7693639 0.9455309 0.8750200 2.2067037 
JX993988       3.4056577 3.4056577 2.0400652 4.3220284 2.4832311 1.9307986 1.9746271 2.3698122 2.3451072 2.3451072 2.3451072 1.9620905 1.9620905 2.4869200 2.2665390 0.9990664 1.1173028 2.2665390 1.8212550 1.1307098 1.1131302 2.4869200 1.3685876 1.1307098 1.8194468 1.4617928 1.4460627 1.1307098 2.0201584 2.0201584 2.0974275 1.3391596 1.3391596 1.5346671 1.3021000 0.0000000 2.5866822 1.5547393 1.3894528 1.4329861 1.4147005 1.4147005 1.2192177 1.0852325 1.3495261 1.2898396 1.4148389 2.0173728 
KF569996       2.5039355 2.5039355 2.6507690 2.7252877 2.2003949 1.8167475 1.7309598 2.6416213 2.6141675 2.6141675 2.6695524 0.9797317 0.9797317 0.2920565 0.3065257 1.9373224 1.8446974 0.3168521 0.9153372 1.6951814 1.6715387 0.2920565 2.0255123 1.6951814 1.9475288 1.8045788 2.0881443 1.6951814 0.3347657 0.3347657 0.3653823 2.0591403 2.0591403 2.1169823 1.7972972 2.5866822 0.0000000 1.6106150 2.5059642 2.5850556 2.5461760 2.5461760 2.3228413 2.9728373 2.1700828 1.9525954 1.9009976 3.1675775 
MK211374       4.1953509 4.1953509 2.2393620 3.5710120 3.3774674 1.3452871 1.4235271 2.1775968 2.1547414 2.1547414 2.1547414 1.5067779 1.5067779 1.2902415 1.2920619 0.9679769 0.8711002 1.2920619 1.4857908 0.7852469 0.7688717 1.2902415 0.5903671 0.7852469 1.5966757 1.2120884 0.6336579 0.7852469 1.2544589 1.2544589 1.1957498 1.3912714 1.3912714 0.6154860 0.6954544 1.5547393 1.6106150 0.0000000 1.7387263 1.8695556 1.8385086 1.8385086 1.9848320 1.1539596 1.0928633 0.8551617 0.5992785 2.2868485 
DQ412042       3.3461748 3.3461748 1.2509390 3.0087348 2.7062799 1.1230762 1.0180016 2.2256602 2.2029208 2.2029208 2.2029208 2.4471665 2.4471665 2.3457684 1.9652983 1.5251546 1.5899770 1.9652983 2.2704652 1.6393413 1.6877841 2.3457684 1.4883180 1.7091988 1.2136759 1.1696472 1.5056051 1.7091988 2.2217484 2.2217484 2.3080080 0.2914550 0.2914550 1.6604863 2.2126619 1.3894528 2.5059642 1.7387263 0.0000000 0.0277780 0.0204060 0.0204060 0.1113912 1.2251051 1.6326462 1.5542828 1.5556281 2.4918045 
DQ648856       3.5096500 3.5096500 1.1911431 3.1578768 3.1298050 1.1573284 1.0454467 2.5324771 2.5048768 2.5048768 2.5048768 2.3407607 2.3407607 2.4174208 2.0152589 1.5786424 1.6473088 2.0152589 2.1702387 1.7000889 1.7506167 2.4174208 1.4193591 1.7726594 1.2854017 1.1986287 1.4357489 1.7726594 2.2879818 2.2879818 2.3782260 0.3547935 0.3547935 1.5807661 2.2993103 1.4329861 2.5850556 1.8695556 0.0277780 0.0000000 0.0498868 0.0498868 0.1156851 1.2627043 1.5618129 1.6036889 1.4771829 2.4132897 
KJ473812       3.3471759 3.3471759 1.2476719 3.1596504 2.8431798 1.1349432 1.0303212 2.3589343 2.3347438 2.3347438 2.3347438 2.4855207 2.4855207 2.4772547 2.0854001 1.5392645 1.6045285 2.0854001 2.3067929 1.6543359 1.7029004 2.4772547 1.5677626 1.7243006 1.2567763 1.2468144 1.5608655 1.7243006 2.3482654 2.3482654 2.4384120 0.3302948 0.3302948 1.7506481 2.3130237 1.4147005 2.5461760 1.8385086 0.0204060 0.0498868 0.0000000 0.0000010 0.1202628 1.3029030 1.7260713 1.5863721 1.6453768 2.5178019 
KJ473813       3.3471759 3.3471759 1.2476719 3.1596504 2.8431798 1.1349432 1.0303212 2.3589343 2.3347438 2.3347438 2.3347438 2.4855207 2.4855207 2.4772547 2.0854001 1.5392645 1.6045285 2.0854001 2.3067929 1.6543359 1.7029004 2.4772547 1.5677626 1.7243006 1.2567763 1.2468144 1.5608655 1.7243006 2.3482654 2.3482654 2.4384120 0.3302948 0.3302948 1.7506481 2.3130237 1.4147005 2.5461760 1.8385086 0.0204060 0.0498868 0.0000010 0.0000000 0.1202628 1.3029030 1.7260713 1.5863721 1.6453768 2.5178019 
KJ473811       3.3122899 3.3122899 1.2971951 3.0454993 2.6470203 1.0818026 1.0370384 2.3580150 2.3324212 2.3324212 2.3324212 2.4493606 2.4493606 2.2680918 1.8933870 1.5470738 1.6837456 1.8933870 2.2669386 1.6660355 1.7161219 2.2680918 1.5145369 1.7381329 1.3810195 1.3870621 1.5320562 1.7381329 2.1468273 2.1468273 2.2309357 0.3314117 0.3314117 1.7265062 2.3392983 1.2192177 2.3228413 1.9848320 0.1113912 0.1156851 0.1202628 0.1202628 0.0000000 1.3551698 1.6721512 1.5773570 1.5790984 2.1242889 
JX993987       3.0256220 3.0256220 1.8692508 2.7055846 2.6361312 1.2054369 1.1530313 2.7179488 2.6870746 2.6870746 2.6870746 2.8414562 2.8414562 2.7346331 2.6414406 0.6619735 0.7252544 2.6414406 2.7820489 0.7184259 0.7026719 2.7346331 0.8955608 0.7184259 1.5832359 1.3018046 0.9090848 0.7184259 2.4338527 2.4338527 2.5277040 1.0942314 1.0942314 1.0528071 0.8600361 1.0852325 2.9728373 1.1539596 1.2251051 1.2627043 1.3029030 1.3029030 1.3551698 0.0000000 0.6209683 1.0017395 1.0338592 1.9884660 
DQ412043       2.5203306 2.5203306 1.8320309 2.3117088 2.9694585 1.2936818 1.4168175 3.9449836 3.8937035 3.8937035 3.8937035 1.7350024 1.7350024 1.8410111 1.9974101 0.6908216 0.8244950 1.9974101 1.7849643 0.7555883 0.7408707 1.8410111 0.8140806 0.7555883 2.0632836 1.3308401 0.9104720 0.7555883 1.9343160 1.9343160 2.0052595 1.6210174 1.6210174 0.9291543 0.7693639 1.3495261 2.1700828 1.0928633 1.6326462 1.5618129 1.7260713 1.7260713 1.6721512 0.6209683 0.0000000 1.0056271 0.9437314 2.0464628 
KJ473814       2.7285533 2.7285533 1.6743965 2.4920753 2.5572926 1.1847387 1.3253915 2.1556200 2.1330449 2.1330449 2.1330449 1.8245534 1.8245534 1.9627067 1.8748910 0.7381076 0.8990089 1.8748910 1.7198180 0.8110766 0.7956087 1.9627067 0.6836241 0.8110766 1.3923853 1.0743926 0.7740701 0.8110766 1.6458524 1.6458524 1.7094131 1.1862407 1.1862407 0.6179707 0.9455309 1.2898396 1.9525954 0.8551617 1.5542828 1.6036889 1.5863721 1.5863721 1.5773570 1.0017395 1.0056271 0.0000000 0.6625796 2.4256503 
KF294457       2.8730186 2.8730186 2.3019788 3.1160618 2.6643308 1.4184637 1.4271070 2.2674856 2.2434126 2.2434126 2.2434126 1.9392861 1.9392861 1.7385642 1.7560410 0.8659297 0.7446170 1.7560410 1.7550585 0.8202541 0.8036271 1.7385642 0.3890747 0.8202541 1.1974865 1.1471043 0.4554067 0.8202541 1.8254093 1.8254093 1.7413972 1.0850279 1.0850279 0.1119953 0.8750200 1.4148389 1.9009976 0.5992785 1.5556281 1.4771829 1.6453768 1.6453768 1.5790984 1.0338592 0.9437314 0.6625796 0.0000000 1.8435788 
NC_014470      3.2317175 3.2317175 2.4456232 4.1893581 3.7126208 3.1756999 2.7375316 3.6182522 3.5765627 3.5765627 3.5765627 2.7580102 2.7580102 2.9990256 2.5794014 2.2457423 2.4914992 2.5967820 2.6135046 2.1574893 2.1342257 2.9990256 1.9504241 2.0768779 2.2022406 2.2106761 1.9905198 2.1574893 2.8513416 2.8513416 3.0200301 2.8484461 2.8484461 2.0390406 2.2067037 2.0173728 3.1675775 2.2868485 2.4918045 2.4132897 2.5178019 2.5178019 2.1242889 1.9884660 2.0464628 2.4256503 1.8435788 0.0000000 
